186.6569720400752;54.86295848988839
162.49620587554807;53.0094222527172
223.31410207626226;51.521417285458696
186.065893478743;55.233178927965916
206.40737321281588;47.45331077759646
181.17365127207594;49.68821091779055
205.73034341403732;54.77970580910931
177.9577691040662;56.46712968179616
178.71893949188697;50.32794651323601
207.66481021015304;53.46364755156694
209.2465431262559;47.47118337555996
229.11331560828674;51.11034660173064
200.36919054649277;52.715369313278075
205.73926875251667;46.263295872635965
229.57635430686776;49.53174559444784
220.43951601652853;52.89948443786082
202.6884952317296;47.05449418224014
164.78714960696672;56.546467229747336
209.71352738787712;48.750814568731315
170.63598505857573;53.262084919254086
210.8903411482946;46.436795422935624
161.72353963278036;51.950845486719174
205.07992245774878;54.21143694918584
212.04624086075316;48.61224366156065
206.0396109355871;52.90004128628026
173.1543859423104;51.76834841872378
162.5280784816523;46.38570224243194
228.9256567872148;49.76680849928397
212.79520275287396;47.63745971778706
178.80702292898425;55.07826726266665
170.28183451224427;53.96265204585493
223.75771142152158;47.56774161230891
224.213470580172;46.864297411952904
213.164254822884;55.753702214866166
207.021665093365;49.2408750426121
178.64023012230828;54.49560816519988
164.1111058926542;52.87213938287546
163.74123177428612;46.39608539408276
198.80105372061627;50.58465701135158
185.47181981353305;56.27201628771636
177.9169364418502;52.00144947895878
221.44970801464376;48.01105523954297
216.5950110829768;49.69164312636683
187.1243696535457;53.93412325903953
177.44739820546584;55.24081685752974
184.88234627229482;48.61988072196222
196.46994944443784;51.0830456154263
210.26659228816544;48.598556284262365
165.7767742692535;54.93388640940224
195.7787509023681;49.61348454677904
217.19946756437633;56.46438919139984
181.68374518533767;52.406498822289656
196.97719101579452;46.36550790011503
199.18022785877517;46.08470334365391
188.81668407232837;52.271099397081144
188.31904103955674;48.70069066672825
161.1731935721447;52.44809378488836
223.94669415018427;49.01451704559796
217.2517317061338;48.68451441695489
226.5444979109719;46.74802882950301
196.62016530578936;49.81826882712069
177.39116298586342;47.30464052351157
173.79563290835708;55.33991374902964
220.70800979983076;45.670034677537984
221.0327263229931;47.980168540557955
161.23957995131283;51.77519770400361
162.45572471381342;46.364123584534596
186.2381172041763;49.15218312049376
224.15659645272518;49.44977290727743
227.05360696105154;48.85840844095818
185.03093300102722;49.828927142529885
198.35004805327281;50.12269581459682
182.49918218763509;50.040648919197814
164.17995641713796;53.942693860376245
185.1817518316422;47.15866301970899
208.60894674573393;47.76574259760436
175.33635723156368;54.71922992342518
215.5967396479165;54.1149730455142
226.57979733968048;47.715423596637194
187.39521841127112;53.707130252596876
208.74056761749236;49.91861986000933
193.26100257551744;56.01721976545495
201.2242517270638;53.05152971153603
207.14180967929659;55.586849488387415
223.65993581276942;50.92000457065131
225.9229487859703;48.34368100592537
204.43537552757815;54.72065369950992
185.3471608960234;46.43566286084812
166.56491684819042;49.345331713139494
218.28951385202444;53.23280029784431
175.24627203988138;49.89032778182407
204.99694193710698;49.95095804314634
197.11817789184374;46.64280451730959
197.7821218049506;54.113645075939466
189.5643263634199;55.63048177351507
184.02810178797827;52.7267482310552
201.60849356802336;53.613167774942724
174.79718151035658;52.50109198397193
187.4761452158653;50.8158681789952
189.4232961899201;49.07378110870924
186.13080380319457;46.379906641332724
198.05514366796749;53.71149394710299
178.37987775941372;53.17835742637876
229.09891227448918;53.556173399433426
223.4081652053474;52.12872834642008
188.78155112444702;47.788905445685806
205.43735022702188;46.954604185934244
191.18377997063564;55.178109317160974
205.72757483524518;53.70726833420755
219.36398119958525;52.09974042828578
180.9971932313669;47.773214787982035
206.74282752226495;53.02776391419377
196.04769397902717;50.05731038223593
191.71976040052454;49.15256241185182
188.31363894693126;52.24225131537592
191.89735396992586;51.81470070708247
207.86357396941656;46.23668411383776
220.62105480988637;45.67592512521267
164.80429612330272;47.784989187661445
178.95776000035863;50.253697237090854
180.0375539073984;53.922697414778355
181.9900737442721;47.48383566941363
180.48637458941283;47.903066848632015
200.08328368020918;48.9024983624511
216.33269007579486;54.80008544392999
171.62236705861417;50.791634746236944
173.08294737049627;56.053357582205614
206.74062919777592;53.46883651678457
182.27118035128322;56.386271134556594
214.92715309888428;46.100490109610725
176.51420909211262;48.41365634840675
220.93675271862085;48.25321094101591
205.79037382504714;47.804979296286454
219.02182340939524;53.82214831118587
181.48790197682567;56.162633307613405
169.52215077688913;49.30773997129961
227.26361899847188;51.87899686276755
216.14324145458397;52.79166388242891
212.63765044817387;46.97705774724778
213.15870275029513;46.157782669401755
224.4635578731057;52.07348049846831
161.98511821440425;47.53378486475079
165.07535805599252;53.40656526251244
161.5089425073462;52.24766525562805
166.16582828354134;55.4425509688306
222.7622911501324;50.82006249590147
214.34369940826357;54.51654848498621
217.95643409386793;55.39402926464704
199.07879296248373;49.16141471627201
165.95447591665592;52.476125757658416
171.62539338692113;46.6528496932545
183.33023178367029;56.2149981525414
203.189430987598;47.63089959754082
201.41451133411;53.052670561670006
227.5208734407346;48.526456767653464
207.30009212946712;49.443779174974
221.70743395777757;51.28112610217128
189.80579013327878;49.263686081640266
228.78953780402574;51.021133617297274
179.04660724575479;48.71274858800484
163.37642973816855;51.825982890270836
204.92111870764165;48.5658012317543
206.7327270668017;50.9181570241869
217.98543341604045;55.06699651901418
191.81932456957102;55.77090458822726
186.87912507126342;49.47906480308765
205.90606008424047;49.773574969583954
183.9877201094493;48.16868026997497
193.9834975287861;53.313983005703385
222.98508811818013;49.54035028429211
211.28640477546972;47.143113282030484
176.91280597739757;49.09819023231799
225.29425101373545;45.58930904258853
201.12487491790608;50.14869098171845
183.60923407190478;56.102410773451204
188.72902786146432;52.96223491064178
206.20277477423883;49.33613757900127
207.51452019056916;48.52409811285365
177.82679327266078;50.45444451240787
205.20317987047338;54.66345753915356
186.26345302923977;50.01389368253459
191.73824231055568;49.93131696900539
226.79527620021642;53.87389022317836
189.11983303218483;50.584105730056216
176.62856930474712;46.83163035777372
219.92227737246105;55.395614294820064
217.8786729796235;48.01036679769105
185.50518902576945;45.96352197158707
219.56730009136268;55.35592859259225
177.1812692205444;51.96977063959745
