180.8134963177287;49.82877738499225
164.03413204379177;52.687954062771
211.9537644614457;47.5750719498512
201.3539693954317;46.85602727207052
189.14168832705428;53.42771524985652
217.22167108481938;56.34615239627869
188.0036421057129;53.86345525380277
204.39192472698878;53.96211545354524
226.30881697123888;51.658101636472594
218.3850639986201;50.91724895937418
209.70525498569623;47.91790827103778
169.6513417323813;49.834337372295295
197.6855405896904;52.447587288014205
190.26746741688814;47.60905895630658
171.87575278734766;52.466252222787745
173.28821489481493;46.64640289883256
197.26180023252545;46.32055078748318
164.83713214024704;50.747866190078895
206.74731621907677;48.3063748798203
165.4666474308625;47.48870007725528
219.83266905306897;48.1427518532467
196.83274569810303;54.909970234346375
163.72795988989995;53.42080339937589
190.30589169446077;46.84023199530671
197.23566409665878;50.264903742203614
202.38885129294383;49.16954090160436
177.81733790531197;51.99184146287377
166.56809048458956;54.03860627323941
212.7498900784204;50.154798528129874
194.92935263713412;53.47491586634218
218.40468609491185;56.913405357430506
183.83965600001477;47.291883748545764
203.60678711245464;55.92295648979568
181.62525871814512;52.956362623961965
210.38981700901599;54.536357218724554
169.09566524515824;56.37545924860641
173.0431678522457;49.47006843843059
202.98179652344547;50.03023125098064
208.71933298655915;48.554442658405385
221.39351648976125;48.00362796092899
182.7547187363447;51.00494165276561
179.58869261160754;46.78286993743627
199.90405599295607;55.83205710132654
205.65141301297135;52.72140405817397
211.52347141647328;54.94399333056636
173.44359712759655;49.52806540738072
211.5240221618582;47.138880286405524
187.92880918310402;47.98874669395802
190.50355194548118;46.585029470786864
184.15963474522005;48.31822853480807
180.1571124037711;49.09775944011689
201.73608871593456;48.241635261664925
199.55918012880963;50.37711021314904
203.65559583450585;55.91338983365433
219.11508274432225;50.861223879183264
164.5462975299253;47.33433634559506
216.91803660270384;48.22580131900749
200.106212791817;53.35184287535469
168.1867908035123;54.929428957381745
213.75957965339953;55.987666382048
204.67200189001983;53.917174506913206
209.49378922390403;55.59165185506179
182.26114602002517;48.32892381242684
214.0313748584587;46.56914579654909
200.87477019934863;55.09541844014878
230.7945332167432;51.83164092466068
177.88127914504267;48.446135388749056
186.61526523025952;48.21295412017083
185.55965205718306;50.082524093885255
220.27155048579783;48.17374874912162
204.82317769716158;47.98866352402122
196.46920524206024;49.962660653617824
201.1057535727421;46.97007219003248
227.8661791127856;50.34561133202841
227.11571310460997;54.25198864585608
174.60744379615676;56.12198297708067
229.21583811244037;50.53309193842135
211.4143815886494;54.04925410208855
181.95458164348486;51.159890541833455
176.59185548957757;47.816371516125706
225.76306293660633;47.82542578176781
163.97596535371008;53.180033682777115
163.16773312044813;53.352613438425614
186.07546064174937;53.86218429685774
172.00068489874408;51.88615509122125
194.52126488356734;54.28457220481339
208.59290684196498;54.86537528801486
199.45350397703288;47.2580159145037
199.29949103680062;53.48815110247254
164.95602208484343;54.5269671359301
209.85494651191064;55.73619581725413
179.37933827486634;56.26374632821468
177.5469669753748;53.72247427749437
188.59063633343862;55.843614036209836
190.08663327069132;52.1652726132073
210.1759675470406;55.95799096685647
212.573348538962;49.58430086592803
216.39515352809454;51.51421687669092
202.01533141268462;54.360113131102466
165.44465956482415;54.255710350149755
197.68776125584236;54.025259480125925
180.547880911912;46.56929456675533
205.2847379082357;49.74886439379348
220.16926944133164;47.65899894745296
192.4052156321636;51.73265489993588
199.80203089757143;50.74345629624555
182.4453275155259;46.61960493180692
179.07107592284345;50.42370827945787
172.52269651980478;51.65471391403597
218.41607356471917;53.565646980385026
209.2745797485877;45.966696931086474
228.27765370374638;52.521756665049864
178.68541050776838;56.05257485055239
170.71921207829863;50.265078167380054
188.6113136205763;51.985644866850926
174.9846088576147;53.20356440110989
203.27438575204772;46.366255622499814
218.3378095495948;49.2352862175461
165.59554973270667;47.836995499335075
173.62023708020234;46.70087686876107
222.56678914739865;52.43223971408837
179.07562652836094;48.834382635233396
170.42601978882465;50.8642426143896
205.7019968530137;56.52956653846036
218.72274767245793;48.7562175391286
205.28681200740246;51.57207558412947
214.7232822249025;45.751405325662525
166.23294629461896;54.547890621669005
203.89212581570683;48.127192229942786
185.2908411296364;48.972387339340905
172.4874404095014;52.055139854633225
191.56206050897612;53.91686094910366
163.36697720861804;56.393352420864254
185.86608202647253;46.78513494905729
193.8536853144397;49.11673417419229
207.12231057751205;54.44527463801857
204.83137190636538;54.32414400513203
162.36590840772283;51.16375718895547
173.39639948360295;50.25819111760723
225.61282664179916;52.840010878968414
222.34100511459113;50.32960907595393
199.84316188838366;51.60748526448886
165.29736993610373;46.19982693602089
197.72081201252013;50.07037642512988
177.04445514919763;54.08733332165302
179.8676363344952;54.482296310694984
224.07328571774627;55.72132869221909
203.0326114660066;48.369576746423085
204.96687120196967;52.997879472416834
168.41941291755478;50.28435993897603
169.9396332537083;48.78436363660746
190.78897785142166;52.94789949616623
200.3268316794321;55.38328633528558
195.0924178886964;52.169011012749024
225.3432489130112;54.27176593520663
199.57301590118536;55.14174966270262
187.94809275992938;50.610254400872556
181.35122509252062;50.27605093842714
162.93484749257948;51.970675248012384
163.11408354890568;52.76213725417084
189.97849304272;51.28654390400274
180.64604161732197;49.25944104493023
217.83957685083075;50.86380734745749
206.5156129710779;46.95750516162499
218.08628361644614;56.5629232656352
182.96226840658784;48.82112755004241
216.07098140129946;46.78974016070144
214.9155805363931;46.9601764049621
209.75354790497968;47.0838027504534
222.55214252178453;49.22184640510377
222.66651496935742;47.804892347269835
203.39358476893585;54.461578566828145
189.12466087663418;46.66246195621223
213.64762249697085;49.34909177090494
207.2309312601884;46.429104411750465
192.71413275468183;53.22033465740286
194.27120852388018;50.696582698823775
216.76054880159373;55.80735271883291
164.99147096369902;48.56912565292208
181.27818279728447;55.62408078210511
